100	0	156
101	156	445
102	601	268
103	869	99
104	968	244
105	1212	181
106	1393	161
107	1554	79
108	1633	36
109	1669	232
110	1901	288
111	2189	132
112	2321	240
0	2561	581
1	3142	90
2	3232	110
3	3342	323
4	3665	445
5	4110	144
6	4254	665
7	4919	424
8	5343	156
9	5499	133
10	5632	281
11	5913	173
12	6086	157
13	6243	296
14	6539	96
15	6635	149
16	6784	67
17	6851	93
18	6944	85
19	7029	109
20	7138	152
21	7290	80
22	7370	115
23	7485	65
24	7550	81
25	7631	195
26	7826	73
27	7899	224
28	8123	353
29	8476	68
30	8544	145
31	8689	313
32	9002	97
33	9099	90
34	9189	501
35	9690	350
36	10040	206
37	10246	91
38	10337	212
39	10549	116
40	10665	95
41	10760	62
42	10822	278
43	11100	57
44	11157	70
45	11227	203
46	11430	318
47	11748	157
48	11905	159
49	12064	178
50	12242	122
51	12364	152
52	12516	244
53	12760	161
54	12921	70
55	12991	1150
56	14141	81
57	14222	336
58	14558	100
59	14658	593
60	15251	24
61	15275	274
62	15549	103
63	15652	500
64	16152	88
65	16240	111
66	16351	89
67	16440	182
68	16622	182
69	16804	160
70	16964	98
71	17062	100
72	17162	101
73	17263	32
74	17295	39
75	17334	81
76	17415	256
77	17671	272
78	17943	510
79	18453	249
80	18702	201
81	18903	245
82	19148	340
83	19488	85
84	19573	196
85	19769	255
86	20024	122
